t = 53000000
b = 55 55 55
E = -99.5610981717468 -99.998946041774 0.43784787002718
-0.0166344611615354 27.2612394540289 -33.6835692692112 -0.829880483531496 -0.161279839033546 -0.534122829108794 -0.551216768875433 0.0888163761937105 0.829621434770305 -0.0405062414464717 -0.0351844354338375 0.0412856388363622 -0.00111208445177288 0.00754725003688093 -0.0040752975093679
-16.9875665627733 23.3401200112068 -43.4636555283773 -0.865950297670508 -0.230687044782181 -0.443749444315811 0.364315764640487 -0.898830557390839 -0.243675301856421 0.0794604296774669 -0.0244778099674863 0.00921979186126047 -0.00243205280337691 0.000451744123078902 0.00737728978126638
