t = 5234641
b = 55 55 55
E = -99.0781611606173 -99.9138868438066 0.83572568318935
3.08849017720022 12.350192140823 -8.55431780367155 0.984528102791574 -0.175211236663872 0.00233181463412843 0.114797808264175 0.634891377458403 -0.764025131816163 0.022764520479969 0.0144894511412853 0.0154491151120177 0.00406092484153611 0.00244177942077123 -0.0014496642548917
22.116804706952 7.75550110764277 -5.75884025657167 0.917705811381049 -0.283390140141186 0.278399123971198 -0.389786268634885 -0.777640342009472 0.49329723622081 0.00536519480550401 0.175180830034726 -0.0604258729808814 0.00219640822258313 0.00551698299064193 0.000281464978668708
