t = 194124
b = 55 55 55
E = -99.7373724000878 -99.9460401170867 0.208667716998901
-7.4309841167707 3.23826686563812 8.29134878506509 0.946474301263461 0.0171281078150946 -0.322324409521936 0.292217981992086 0.378665922083962 0.878191761776786 -0.0267144089688452 0.0191391195290938 0.0329198881873667 -0.00200228341522542 0.00447549188736822 -0.000437321220902358
11.0893981936309 2.56948353273667 0.948673974215387 0.90879264526867 -0.0843889227523422 -0.408625057505783 0.24610600070321 0.899251426848774 0.36163338856975 -0.0574667634938046 0.0107786155184778 0.0146786712863747 -0.00583286796826224 -0.000383881769368922 0.0013886696227045
